496.084923627
476.901314959
463.922062166
458.750509173
428.00168238
423.79416254
413.6162622
406.126802189
409.462051978
409.010480696
406.003827717
392.513150381
377.161770218
381.482892
371.591214823
369.433508801
366.657765338
364.105346489
357.625216273
363.085277503
359.417015413
476.952557444
465.849979744
462.502396844
460.069590639
455.475940076
461.409914178
457.082917228
456.647318508
459.032821963
458.238250686
455.358127793
448.973750203
450.331209933
446.048149494
438.148893611
439.626212836
440.970377525
434.682733524
440.760625632
434.620909502
434.696339985
440.296486923
438.275928504
438.998692241
438.047337417
435.95181984
440.933889744
417.651137393
425.627561273
435.103183532
430.806164649
433.13391011
433.113404552
435.262376029
413.701303082
401.576822229
412.830146531
390.877902963
392.592267226
394.386162658
395.595126287
398.521135034
395.122576929
387.977457636
390.760426538
386.962694902
409.651016707
401.012775992
391.520745859
387.699200377
552.285636001
498.955630252
482.090875587
493.155422507
496.494907324
495.997962512
4763.12628411
4663.55743869
4648.95423843
27866.4958478
27681.1864878
27602.055026
28822.2685229
nan
29103.8408189
27708.9103436
27708.5113425
27754.8772943
29815.1343694
27906.9003967
25311.582664
29900.1924103
27904.9877751
27764.4403433
17891.7247685
16923.826172
17056.6112373
17136.4527133
14151.8359051
14072.850822
16414.456796
15083.1495748
13705.8138025
15935.3972289
14260.7000896
13352.0980817
17269.8107881
13048.1414682
11041.0451037
15408.9465506
11873.5979
12361.7061107
16512.8053132
14009.4162154
11890.9206278
11838.382989
11490.7790403
12290.627121
11591.9084744
11319.6925042
11556.0907949
11482.9813767
